67
53
91
74
47
85
54
4
62
80
22
80
112
57
89
106
48
16
77
51
19
107
119
25
37
34
101
121
80
23
32
49
91
30
56
137
90
133
132
142
33
87
141
20
22
37
37
76
148
110
9
70
123
112
8
5
74
47
30
111
92
81
44
124
147
42
75
59
99
72
124
150
23
69
18
16
35
100
56
22
38
34
55
122
150
68
70
13
106
71
111
71
108
5
61
42
122
61
123
142
2
24
114
11
85
108
132
101
124
136
113
97
138
68
112
22
118
2
52
15
69
38
1
78
92
3
45
140
74
122
6
122
33
68
98
89
40
6
34
87
49
128
11
96
24
143
122
95
36
80
